The Location Data: 
Format: location float[3], rotation quaterion float[4] 
Format: time,  x, y, z, x = k.x * sin(theta/2), y = k.y * sin(theta/2), z = k.z * sin(theta/2), w = cos(theta/2) 
30.14656, -3.7517893E-4, 0.17867714, 0.3842008, 0.016267136, -0.34085244, -0.0019563138, 0.93997407, 
134.47987, -3.7517893E-4, 0.17867714, 0.3842008, 0.016267136, -0.34085244, -0.0019563138, 0.93997407, 
218.36595, -3.7517893E-4, 0.17867714, 0.3842008, 0.016267136, -0.34085244, -0.0019563138, 0.93997407, 
303.8249, -3.7517893E-4, 0.17867714, 0.3842008, 0.016267136, -0.34085244, -0.0019563138, 0.93997407, 
350.2244, -0.0054697, 0.17915876, 0.38679737, 0.019001752, -0.34016442, 0.0015292168, 0.94017273, 
367.26373, -0.0056524216, 0.17908534, 0.38705346, 0.017637655, -0.34131366, 7.4243546E-4, 0.93978363, 
400.29388, -0.0059685647, 0.17907692, 0.38736987, 0.017798677, -0.341662, 5.964637E-4, 0.9396541, 
431.489, -0.0061598625, 0.17927565, 0.38779336, 0.018530026, -0.34107482, 9.274781E-4, 0.9398531, 
465.56775, -0.0066221557, 0.17941116, 0.3877372, 0.017696798, -0.3416963, 0.0012180209, 0.939643, 
500.4329, -0.0071233343, 0.17953108, 0.38768387, 0.01684691, -0.34292376, 0.001352191, 0.9392112, 
532.4145, -0.0075138807, 0.18024161, 0.38826475, 0.016147628, -0.34296775, 0.0013637543, 0.9392074, 
565.4446, -0.007832351, 0.18014884, 0.38832045, 0.015380606, -0.34356982, 0.0010813475, 0.93900055, 
600.0476, -0.00808334, 0.17992225, 0.38855365, 0.014029622, -0.34602037, -1.269877E-4, 0.93812203, 
632.8156, -0.008578236, 0.18038139, 0.389416, 0.012410939, -0.34812823, -0.0017745495, 0.937363, 
670.3022, -0.008928792, 0.18016678, 0.3900485, 0.012516469, -0.34891388, -0.0024241805, 0.9370681, 
------------SWITCH------------
12.320768, -0.008984635, 0.1804612, 0.39085063, 0.018028975, -0.343502, -4.1383505E-4, 0.9389788, 
35.651585, -0.009164873, 0.18055457, 0.3910213, 0.01678443, -0.3451679, -7.3474646E-4, 0.9383905, 
70.51674, -0.00919561, 0.18065655, 0.3908788, 0.015367806, -0.3451793, -8.7189674E-4, 0.9384106, 
105.11974, -0.009452386, 0.18068156, 0.39101645, 0.01690282, -0.34378356, 1.1056662E-5, 0.9388968, 
136.83917, -0.0073242094, 0.18077192, 0.3894278, 0.017606318, -0.3430079, -1.180768E-4, 0.93916744, 
169.86931, -0.0068801576, 0.18069863, 0.38924587, 0.01613532, -0.34302264, -7.865429E-4, 0.93918824, 
204.99661, -0.0064960034, 0.18060648, 0.38917708, 0.015523061, -0.3426423, -0.0012289584, 0.9393368, 
236.45389, -0.0059335306, 0.1805359, 0.38857383, 0.015936121, -0.34268272, -0.0017248094, 0.93931437, 
270.00833, -0.005798531, 0.18036717, 0.3886667, 0.015638053, -0.34251878, -0.0022220612, 0.9393782, 
303.8249, -0.00589192, 0.18019834, 0.38895068, 0.01648502, -0.34256607, -0.0022897124, 0.9393463, 
336.33075, -0.0053221644, 0.1802531, 0.38820672, 0.017934889, -0.3425665, -0.002259612, 0.9393197, 
369.62305, -0.005334601, 0.18019995, 0.38851067, 0.0186591, -0.34241736, -0.002371192, 0.9393596, 
403.17746, -0.00530871, 0.18024155, 0.38873264, 0.018779874, -0.34245828, -0.002264738, 0.93934256, 
436.46976, -0.005558009, 0.18011571, 0.38857317, 0.019018158, -0.34302932, -0.0021941066, 0.9391296, 
514.0644, -0.005558009, 0.18011571, 0.38857317, 0.019018158, -0.34302932, -0.0021941066, 0.9391296, 
